100
200
10
1 8 4 0
2 5 8 1
3 6 1 0
4 8 4 0
5 5 8 1
6 8 4 0
7 5 8 1
8 6 1 0
9 8 4 0
10 5 8 1
11 8 4 0
12 5 8 1
13 6 1 0
14 8 4 0
15 5 8 1
16 8 4 0
17 5 8 1
18 6 1 0
19 8 4 0
20 5 8 1
21 8 4 0
22 5 8 1
23 6 1 0
24 8 4 0
25 5 8 1
26 8 4 0
27 5 8 1
28 6 1 0
29 8 4 0
30 5 8 1
31 8 4 0
32 5 8 1
33 6 1 0
34 8 4 0
35 5 8 1
36 8 4 0
37 5 8 1
38 6 1 0
39 8 4 0
40 5 8 1
41 8 4 0
42 5 8 1
43 6 1 0
44 8 4 0
45 5 8 1
46 8 4 0
47 5 8 1
48 6 1 0
49 8 4 0
50 5 8 1
51 8 4 0
52 5 8 1
53 6 1 0
54 8 4 0
55 5 8 1
56 8 4 0
57 5 8 1
58 6 1 0
59 8 4 0
60 5 8 1
61 8 4 0
62 5 8 1
63 6 1 0
64 8 4 0
65 5 8 1
66 8 4 0
67 5 8 1
68 6 1 0
69 8 4 0
70 5 8 1
71 8 4 0
72 5 8 1
73 6 1 0
74 8 4 0
75 5 8 1
76 8 4 0
77 5 8 1
78 6 1 0
79 8 4 0
80 5 8 1
81 8 4 0
82 5 8 1
83 6 1 0
84 8 4 0
85 5 8 1
86 8 4 0
87 5 8 1
88 6 1 0
89 8 4 0
90 5 8 1
91 8 4 0
92 5 8 1
93 6 1 0
94 8 4 0
95 5 8 1
96 8 4 0
97 5 8 1
98 6 1 0
99 8 4 0
100 5 8 1